114960
114967
114976
114985
114987
114996
115005
115012
115014
115021
115030
115032
115039
115048
115050
115059
115068
115075
115093
115095
115084
115102
115104
115111
115113
115122
115129
115138
115140
115149
115156
115165
115167
115174
115176
115183
115192
115201
115210
115212
115221
115230
115239
115248
115255
115257
115266
115275
115282
115291
115300
115302
115309
115318
115327
115336
115345
118811
118820
118829
118838
118847
118853
118862
118865
118874
118880
118883
118892
118898
118907
118916
118919
118928