149618
149629
149640
149651
149662
149673
149684
149695
149699
149710
149721
149732
149743
149746
149757
149768
149779
149790
149801
149812
151752
151763
151774
151785
151796
151807
151818
151829
151840
151845
151856
151867
151878
151889
151891
151902
151913
151924
151935
151943
151954
151965
151976
151987
151998
152009
152020
152031
152042
152053
152064
152075
152086
152097
152108
152119
152130
152141
152152
152163
152174
152185
152196
152207
152218
152229
152240
152241
152252
152263
152760
152771
152782
152793
152804
152812
153341
153637
153648
153659
153670
153681
153780
153959
153967
154069
154080
154091
154770
154781
155250
155261
155272
155376
155387
155398
155409